1.304269475815793625e-02
2.423473208172855983e-02
3.852978816811804263e-02
2.604912443789155971e-02
1.382805385650283728e-02
2.878649840745291927e-02
3.010853320696182597e-02
2.564902320029330274e-02
3.200645777690597216e-02
2.696926342055720391e-02
3.469209337751795463e-02
2.784070082851446831e-02
1.011477685395921478e-02
1.790723500289931672e-02
1.440146522907828630e-02
2.521616853812365042e-02
3.269862932195912592e-02
1.992037774207612230e-02
2.354011952355929832e-02
4.093465880475168073e-02
3.578356566355143931e-02
3.368308545040432644e-02
3.913819486061314440e-02
6.928528420892382522e-02
2.071527364981591221e-02
4.063364967959649104e-02
3.429188218451464931e-02
1.292688463453621206e-01
1.357901184729593813e-01
1.536043755742895200e-01
3.431297487963963500e-01
3.710415915181496938e-01
4.687086026610033374e-01
4.956196609034766443e-01
5.278694409252853159e-01
5.656248815866052881e-01
6.137240305047619859e-01
6.145324468187949307e-01
6.444554383822502786e-01
6.678239117400348590e-01
6.539664574414925102e-01
7.069907178941882142e-01
6.928632593762581449e-01
7.230498821956342637e-01
7.240777313407587013e-01
7.148842156711985307e-01
7.351739961448492400e-01
7.533777424304004544e-01
7.676493528332242189e-01
7.785653896868146573e-01
7.865060840400447395e-01
7.890630788448050881e-01
7.879702672692179277e-01
8.002752272735325079e-01
8.081318831948618442e-01
8.050290444705007209e-01
8.094292970491565598e-01
8.167194766996371813e-01
8.202973603796117619e-01
8.274720330587262973e-01
8.348263983584304215e-01
8.471669321374718509e-01
8.501353899549911608e-01
8.572781962390867427e-01
8.533655752847828513e-01
8.532466219009069430e-01
8.606220870193771466e-01
8.565346209982939163e-01
8.555147746225220118e-01
8.583723667145165548e-01
8.611559673063788889e-01
8.753306789552738332e-01
8.676904402547559458e-01
8.742037578624093364e-01
8.805525215195886268e-01
8.823810124868562976e-01
8.776422589937277197e-01
8.859645692940496531e-01
8.874117151272531423e-01
8.878770271670184400e-01
8.911584668143941457e-01
8.957704876123916415e-01
8.900629196137201937e-01
8.936902942428285312e-01
8.960296463212283902e-01
9.019051129746381568e-01
8.999501298778889158e-01
9.013717698716421367e-01
9.040456789835267237e-01
9.027201542712445237e-01
9.036701645518555592e-01
9.110642841989802232e-01
9.027978303814548910e-01
9.136062079869817776e-01
9.082572742607927241e-01
9.121476000702863907e-01
9.136102562636949642e-01
9.154092525630175281e-01
9.193522595272727305e-01
9.184046136454000475e-01
