3.166508507337384870e+00
3.099204263920185110e+00
3.157961366871442799e+00
3.109586273134850476e+00
3.102380461545807044e+00
3.164702558643930796e+00
3.146052099132943702e+00
3.147404767469732523e+00
3.134715622608923447e+00
3.176997606448011435e+00
3.128844393881328401e+00
3.177678253164016198e+00
3.139994794649661358e+00
3.106151727375370264e+00
3.123766808354021762e+00
3.156888267041651819e+00
3.132996923035513248e+00
3.060643267986860039e+00
3.156714805410351321e+00
3.178797070021991633e+00
3.063982650882561387e+00
3.081841469010377033e+00
3.177031912325289920e+00
3.097518321762531279e+00
3.152950694467828274e+00
3.151458122535749418e+00
3.091541215564283629e+00
3.147856506126372356e+00
3.198858024672048828e+00
3.090945822336140569e+00
3.215918326455170728e+00
3.385447542167200119e+00
2.941319435346271494e+00
3.655966364667782464e+00
2.559211352749612978e+00
3.978932983191701300e+00
3.984708857644378988e+00
4.017533393099887995e+00
4.034603972189174215e+00
4.118079937590349182e+00
4.132254877846794017e+00
4.145880747700807056e+00
2.185377949189259539e+00
2.226507147664283703e+00
4.069211179912707976e+00
2.097476137064521406e+00
2.264427046906738017e+00
2.088262937785139162e+00
4.139205405107486690e+00
2.197486230753192160e+00
4.087952801907574596e+00
4.022677933460792943e+00
3.922642408082172238e+00
3.945683484742096514e+00
2.278868532983226114e+00
4.024703851647553066e+00
2.218740001485620894e+00
2.233856909452148543e+00
3.919517465428297154e+00
4.088053366700653335e+00
2.333069785511027838e+00
3.980906859269831344e+00
2.300474234204756829e+00
2.263066004591066438e+00
2.370550588375604395e+00
2.442858257736103322e+00
2.405666490829736937e+00
3.897618109166645528e+00
3.896099076194736721e+00
3.855088724834028646e+00
3.968988702152167480e+00
2.596767431723697506e+00
2.466621248545540102e+00
2.394668936496410439e+00
3.839097190801981974e+00
3.854809883834872775e+00
2.576179911472215256e+00
3.680995896604811524e+00
3.822428062482350342e+00
2.354008569189415923e+00
2.630393814395384222e+00
2.501207439042751446e+00
3.720997150561319522e+00
3.737229011801610934e+00
3.802619423534155274e+00
2.487526143587373895e+00
2.620412976296709218e+00
2.906575600732437703e+00
3.711300094574283115e+00
2.560163585769882566e+00
3.344679990212118703e+00
3.610502848566416123e+00
3.584439967199589461e+00
3.157182506594123250e+00
2.859880781142714934e+00
3.534247317866695770e+00
3.564510005012243798e+00
3.169637940530022568e+00
3.411115004104802839e+00
3.493047668102758685e+00
