3.199855423602460558e+00
3.149677151576202316e+00
3.232497365167013470e+00
3.044047411186316943e+00
3.236255416835566834e+00
3.016816393786744488e+00
3.108462325651627722e+00
3.125601809953803212e+00
3.120275152386442041e+00
3.136091726931094836e+00
3.169893509319207325e+00
3.260737208382249896e+00
3.037602153583731202e+00
2.995899541903638053e+00
3.078701295288883699e+00
3.209619883627872650e+00
3.253747935489292420e+00
3.209306085805724962e+00
3.198030619305830768e+00
3.131934243737457102e+00
3.060206752093879601e+00
3.145720756449029931e+00
3.038275857655030165e+00
3.259247670605657010e+00
3.150477885827521973e+00
3.275423386127201297e+00
3.097249386263269511e+00
3.207148248844691629e+00
3.204018110745984416e+00
3.122646673582722077e+00
2.755627812354647155e+00
3.674537475541795217e+00
3.765280334309787591e+00
2.686038875151425920e+00
2.477548143670370351e+00
2.639489358007354625e+00
2.449691065339204776e+00
3.736513715637605149e+00
3.938100122069151610e+00
3.784639957511504615e+00
2.588099158301749192e+00
2.304038353001066408e+00
2.492762846630870666e+00
3.808958743441676731e+00
4.019512541858310861e+00
3.837112525596862334e+00
2.560187967412380861e+00
2.473186412852632632e+00
3.819571189579876513e+00
3.584022255244169841e+00
2.561205517564080214e+00
2.581418480608814736e+00
3.768962364342010485e+00
2.775132663653289367e+00
2.722715278853911069e+00
3.585417874369006164e+00
3.378449082139148185e+00
3.676664231883369549e+00
3.766690594456693297e+00
3.303948017572091445e+00
3.470543240228976423e+00
3.220600113804424680e+00
3.324080143373180363e+00
3.051115220526063876e+00
3.269113857510426602e+00
3.050608669363498837e+00
3.095241269606206380e+00
3.177935003944713177e+00
3.002542807912227829e+00
3.247527833243167628e+00
3.203650723312250204e+00
2.988189216579856922e+00
3.335429153934956314e+00
3.220183544443876222e+00
3.057951018200461668e+00
3.145164140103771988e+00
3.176421758876761814e+00
3.053448180099854525e+00
3.203354197777387835e+00
3.088560157600885425e+00
3.156564074247171447e+00
3.081620944245207383e+00
3.003879346271675743e+00
3.226076478262933644e+00
3.097749011250802376e+00
3.099854536531816862e+00
3.007846446753815961e+00
3.202725731951106436e+00
3.162382665965858930e+00
3.158347720978242013e+00
3.279865853229431139e+00
3.049763430201404724e+00
3.146287850887887760e+00
3.070395864502664107e+00
3.145800773366640435e+00
3.129124121492969035e+00
3.087875872867434257e+00
3.145964520962146516e+00
3.172492975545035065e+00
3.150971115133931466e+00
