2.708760169557865027e-01
2.948025333711583595e-01
2.501659562223785827e-01
2.492151919180388975e-01
2.774264595700827174e-01
2.835825464896279402e-01
2.763724725414369310e-01
3.181903147770645535e-01
2.691073418397165185e-01
2.965581744209560555e-01
2.484667759676632559e-01
2.866731219530989638e-01
3.140363743013465658e-01
2.800211128752889134e-01
2.772402880005384596e-01
3.028716227968653585e-01
2.991027828772823138e-01
2.574012006342615844e-01
2.738068707135480895e-01
2.743576315364981144e-01
2.698616221920885350e-01
2.944270475611452387e-01
3.023402438937307646e-01
3.133608641657570915e-01
3.083086013971219064e-01
2.888985899936524770e-01
2.703118330017113546e-01
3.168243895716646996e-01
3.047786486967226094e-01
3.207841101238722570e-01
3.618467238063453051e-01
2.819022134192250562e-01
3.305867781378907244e-01
3.447436672904152233e-01
4.067143948416586663e-01
4.909557739586734582e-01
5.502999011104798832e-01
5.724360840469081557e-01
6.060231540038664155e-01
6.204698427131430938e-01
6.399084872962217396e-01
6.529114287962830554e-01
6.835906853061490818e-01
7.041846146679509033e-01
7.193567175272446157e-01
7.230053647415941587e-01
7.723014502900528155e-01
7.417194320261880636e-01
7.607267294002653113e-01
7.890468007318460764e-01
7.838961887256076233e-01
8.151884353355645096e-01
8.419745447929984916e-01
8.341446841447107685e-01
8.431343726422131368e-01
8.453381452757494641e-01
8.370977372578850551e-01
8.392202415677031402e-01
8.819218464116669320e-01
8.561217427884852960e-01
8.853273371637803146e-01
8.713848838068352087e-01
8.794544791768673653e-01
8.741546155619143166e-01
8.927257823673350190e-01
9.064820800617586771e-01
9.007314469853099359e-01
9.054624959609801627e-01
9.077507149663118780e-01
9.086976365242186437e-01
9.106695387734390357e-01
9.364376698639100827e-01
9.233258306218370404e-01
9.164800305470000019e-01
9.186574351542778905e-01
9.321729668024667514e-01
9.340000858982729914e-01
9.390540082786557052e-01
9.326121493428343179e-01
9.245539688560754366e-01
9.441020006178107993e-01
9.401909512291400928e-01
9.420645674660866886e-01
9.410802675595426603e-01
9.405991336814438775e-01
9.427093376246786782e-01
9.524009881117420084e-01
9.644621838124773916e-01
9.556321244677696836e-01
9.477913637651642631e-01
9.645320138014434885e-01
9.625329940238882553e-01
9.587286578553667615e-01
9.714800532704613856e-01
9.677527364678545352e-01
9.623358909379677861e-01
9.644647639297251329e-01
9.717496301931771718e-01
9.706896137428265847e-01
9.722917552220938786e-01
