6.225671806203412650e+00
9.330502619953729912e-03
9.274524802744445184e-02
1.161173989803003168e-02
6.252147954460970602e+00
6.148263961348001239e+00
9.649478334977545924e-02
4.239966056218762852e-02
1.378556418424981833e-01
6.245156862611257687e+00
6.236590413818293932e+00
6.173377297516944751e+00
6.193395042995734734e+00
1.194753474723538392e-02
6.252095022371441324e+00
6.199550103858742389e+00
6.238441135134515925e+00
6.213843116279370804e+00
6.182901566034586516e+00
1.556406772946102197e-02
6.248725908599964463e+00
1.571717404908993254e-01
6.222706054151530886e+00
7.744558704591143761e-02
5.991246913766665294e+00
1.334931078244083191e-01
9.578950711534200621e-03
6.271872346937844789e+00
6.078041576444409344e+00
6.159380068343732084e+00
6.214530223552325872e+00
7.874732156496068169e-01
5.599669954538052608e+00
7.624593025676553726e-01
7.663906752335827299e-01
5.592845286623295387e+00
5.629021094904656408e+00
5.626107657857725819e+00
5.448735447129863019e+00
5.512872053949371853e+00
9.075388354830417059e-01
6.964740376941894739e-01
7.406878694376203276e-01
5.585738773919543654e+00
5.500151192244551623e+00
7.191541714414628750e-01
5.682084422087008591e+00
5.772033088743288687e+00
5.662204013980664641e+00
5.763510856722628972e+00
6.656275428079884149e-01
5.711212623182378323e+00
5.702511011264951080e+00
5.759389739760245597e-01
4.812140530243196879e-01
5.686768536449804401e+00
3.409657195496130222e-01
2.972916748874542270e-01
5.845464072102795505e+00
5.775821788507760068e+00
5.018737467088291160e-02
6.482364468110404787e-02
6.154859882056952891e+00
6.529023595067658114e-02
6.228378415767279463e+00
8.599153512787630071e-03
3.619443247945812719e-03
5.403175222895523211e-02
6.241215079117764297e+00
3.071676603397788599e-02
6.118826770197322240e+00
2.204368111135027782e-03
6.037791171552375324e+00
6.276792866862609621e+00
1.328220712508332013e-01
6.273987982679197550e+00
1.177746077667539554e-01
1.077149214226241075e-02
1.684446128171579737e-01
8.118478844390426830e-02
5.066336124658572804e-02
6.223901071461345857e+00
3.743694003054241770e-02
1.717985888199589639e-01
3.765760502585283054e-02
3.272109836932508148e-02
4.662287042295010925e-02
1.185312318570110220e-02
6.268992634187409152e+00
1.131455148282648204e-01
6.175731849535994300e+00
7.714212001536470409e-02
7.923251088904026407e-02
6.230080722694058437e+00
7.173185467433211560e-02
6.259816977692810092e+00
6.257729057207312984e+00
6.250112355931018548e+00
1.374108269209138762e-02
6.258489034654465044e+00
