2.579055897130462169e-02
2.936531961117616607e-02
3.202467157351352595e-02
3.833333950250828598e-02
2.361359751330308065e-02
3.811958468077388668e-02
3.565233855264847429e-02
3.470870181039972802e-02
3.431449361944804294e-02
3.366371140239905052e-02
2.574628947893212866e-02
2.956683656853139122e-02
4.223123050747236429e-02
3.101551952442886326e-02
3.315718887407246435e-02
4.886388339007176340e-02
3.962414539948905939e-02
4.925049500615948789e-02
4.750953919435375872e-02
5.104172797563979319e-02
4.676819289282702768e-02
3.764354514767769000e-02
5.608742406282157811e-02
5.246232671314179918e-02
4.496697597097310678e-02
6.205400409476476142e-02
5.878871014913785581e-02
6.083687900765425566e-02
8.681043517453457259e-02
5.987140447271913080e-02
7.151971994741608551e-02
8.988649000584782167e-02
9.278823219119511356e-02
8.741031550349147305e-02
6.546471905524263446e-02
9.225321020483755186e-02
9.297454429885440574e-02
1.010026761171142068e-01
1.225392163622148756e-01
1.235479256837396789e-01
1.670335553138547202e-01
1.927804203420863671e-01
2.646185238314516242e-01
7.293381171555279874e-01
7.483585485338782872e-01
7.771464111434505107e-01
7.899560702125362210e-01
8.031101211452683630e-01
8.044476886197048371e-01
8.199449220280600192e-01
8.249138295622940875e-01
8.406497556618650613e-01
8.455487317149903426e-01
8.487456183427535272e-01
8.479988182863290591e-01
8.571359536150603420e-01
8.708221574327129622e-01
8.762383043872064015e-01
8.785611841178756487e-01
8.822399843950403664e-01
8.868388229169493764e-01
8.879501660730294565e-01
8.936148747900913847e-01
9.004316463814610039e-01
8.952576131226979150e-01
9.016691652374377863e-01
8.978934987489530783e-01
9.085053083620353576e-01
9.070814150375918761e-01
9.114973624300569677e-01
9.124514959358105415e-01
9.125462022081303193e-01
9.124007017244883944e-01
9.202237821402073914e-01
9.230123578639227722e-01
9.172022823601831965e-01
9.248082531834059816e-01
9.280139897719758002e-01
9.268651212447844845e-01
9.290780406154535154e-01
9.344685638884624446e-01
9.334577988497049228e-01
9.361083038356522446e-01
9.352377199889291282e-01
9.361241326414230235e-01
9.344614273386869785e-01
9.361752231992974682e-01
9.395570608694877590e-01
9.416251208046648724e-01
9.390625153738830777e-01
9.397804249049965808e-01
9.434111523135034760e-01
9.434398323267673137e-01
9.455391687649210564e-01
9.443682690349027853e-01
9.448630897183752930e-01
9.468549427580988942e-01
9.489388403938754379e-01
9.466464679056079135e-01
9.489599321061745751e-01
