2.067488544410956419e-01
1.925630776227425511e-01
2.186245762156234229e-01
2.251247327008376320e-01
2.507695776429827439e-01
2.287689475451983312e-01
2.025584052980105021e-01
2.507632362104873502e-01
2.339026912924795365e-01
2.660356608445772486e-01
2.587699078625548266e-01
2.409585836632461286e-01
2.555484942651238267e-01
2.783369357784200027e-01
2.694356361699777325e-01
2.615836613338708982e-01
2.327283898784305860e-01
3.323716022028471717e-01
2.764382046100827273e-01
2.706165431266016608e-01
3.607509410395727811e-01
2.859220177488731029e-01
3.121311699506708615e-01
3.372659420651183959e-01
3.371685023662245873e-01
3.516661637839978982e-01
4.083097470405648299e-01
3.767452770240667936e-01
4.231760929120501613e-01
4.465218950199935644e-01
4.457406715084825111e-01
5.146119208871623441e-01
5.144001104171448402e-01
5.893705750742390670e-01
6.057698142151486387e-01
6.523724316463982431e-01
6.174295761307114772e-01
7.034356542638656729e-01
6.713201712844867330e-01
7.188867148365734039e-01
7.189867905426041705e-01
7.468404728709030493e-01
7.552772469983273229e-01
7.670266597818610199e-01
7.821911872395083121e-01
7.769447708918885143e-01
8.025661399347880920e-01
8.164446641594476084e-01
8.245793331298594264e-01
8.317339358332602739e-01
8.099595028452689638e-01
8.419711688006159545e-01
8.486461227747832403e-01
8.458392789089815844e-01
8.549971525498349934e-01
8.520915859387350189e-01
8.656783409524545503e-01
8.750424399729721525e-01
8.721591763028436750e-01
8.801043443367726482e-01
8.901860193106608810e-01
9.008237565664681812e-01
9.025482242973568159e-01
8.994143105227810908e-01
8.952645276275444930e-01
8.992726551087322218e-01
9.014524663911914759e-01
9.025658521310815363e-01
9.082999107117986082e-01
9.124224425185906151e-01
9.105717025060556802e-01
9.126869680387702521e-01
9.120553473818735490e-01
9.170025512175120630e-01
9.162664461303733354e-01
9.210117211032753382e-01
9.184953521940120158e-01
9.240856609914386288e-01
9.207181762762572941e-01
9.265274204772159239e-01
9.226234574421247059e-01
9.229582482782694441e-01
9.303042923323484592e-01
9.283676545330167285e-01
9.273203699122363197e-01
9.274084308520448294e-01
9.258064872789985023e-01
9.299351182302596497e-01
9.335150930316450379e-01
9.312841926622333899e-01
9.313896970624298000e-01
9.334127860195341464e-01
9.341277384771276004e-01
9.360188756015279665e-01
9.383324017073462198e-01
9.376228372900017316e-01
9.379092323886770721e-01
9.378673461847100157e-01
9.374324517068547413e-01
9.393134724194037721e-01
