2.738368716743654341e-01
2.983780283707210268e-01
2.492472046657458473e-01
2.476524238795447808e-01
2.817627640019213509e-01
2.808302690777441657e-01
2.734918402136582438e-01
3.143118201144243784e-01
2.693014085750640163e-01
2.992859010450410473e-01
2.514723701022886782e-01
2.893565111070741658e-01
3.085770706878373515e-01
2.743945545275111031e-01
2.767588237779649019e-01
3.086703217568335100e-01
3.025926269695560222e-01
2.621893186108635865e-01
2.736955920996942959e-01
2.820234019480093446e-01
2.726080208170103547e-01
2.962742246612894426e-01
2.988494790443922411e-01
3.075066715885507729e-01
3.078780630029371301e-01
2.817756353987305729e-01
2.699219416098913027e-01
3.205922788304553794e-01
3.070961577826312183e-01
3.225279168320411283e-01
3.557707515229283635e-01
2.845317325974816569e-01
3.198069263004378326e-01
3.662334016722464392e-01
3.720203892132857293e-01
4.708150814767018688e-01
5.180983266415356558e-01
5.759808169542818268e-01
5.967708847599670907e-01
6.079064826224990226e-01
6.437348531893938297e-01
6.667041737809143997e-01
6.998549958737888543e-01
7.236990881370236606e-01
7.302692418986617140e-01
7.233515877193380517e-01
7.681176602570282119e-01
7.431763792186125706e-01
7.626773241884783339e-01
7.786330080024309597e-01
8.033444101396807202e-01
8.126691635391087853e-01
8.338713616473403256e-01
8.369228662413469300e-01
8.375222963223759587e-01
8.387830394183797278e-01
8.450096773986619514e-01
8.530577139732472558e-01
8.705719097965668452e-01
8.575580548616744681e-01
8.735529614393353626e-01
8.727212196087826834e-01
8.816094104357525829e-01
8.782904967366669258e-01
8.947503150767027735e-01
9.033371125996731976e-01
9.034568166165622971e-01
9.043207528697392306e-01
9.107539727938179785e-01
9.159536992916302856e-01
9.037388623285222966e-01
9.313711448005651539e-01
9.269359364997661332e-01
9.240106593931122214e-01
9.256485638001600291e-01
9.253534488955530435e-01
9.327678159858669993e-01
9.423479311373514911e-01
9.344116812314272602e-01
9.222717206709556415e-01
9.451525519374641693e-01
9.373196174086476651e-01
9.447842456821262669e-01
9.429553120322506921e-01
9.397164030492444198e-01
9.394199463944357120e-01
9.513337549731564202e-01
9.660290212039043256e-01
9.517344109517310580e-01
9.520154623190156817e-01
9.673181003733871686e-01
9.574203389983075851e-01
9.589204457617089838e-01
9.713674809115572240e-01
9.663431112309736060e-01
9.618188567339364115e-01
9.617769042971617832e-01
9.723776032875035558e-01
9.677736610631189063e-01
9.655467147118855786e-01
