0.000000000000000000e+00 1.000000000000000000e+00
0.000000000000000000e+00 1.000000000000000000e+00
0.000000000000000000e+00 1.000000000000000000e+00
0.000000000000000000e+00 1.000000000000000000e+00
0.000000000000000000e+00 1.010000000000000009e+00
1.000000000000000021e-02 1.030000000000000027e+00
2.000000000000000042e-02 1.050000000000000044e+00
2.999999999999999889e-02 1.070000000000000062e+00
4.000000000000000083e-02 1.080000000000000071e+00
8.000000000000000167e-02 1.140000000000000124e+00
1.300000000000000044e-01 1.199999999999999956e+00
1.499999999999999944e-01 1.229999999999999982e+00
1.700000000000000122e-01 1.250000000000000000e+00
1.799999999999999933e-01 1.270000000000000018e+00
2.500000000000000000e-01 1.360000000000000098e+00
2.700000000000000178e-01 1.390000000000000124e+00
4.299999999999999933e-01 1.630000000000000115e+00
4.500000000000000111e-01 1.660000000000000142e+00
5.500000000000000444e-01 1.810000000000000053e+00
6.700000000000000400e-01 1.989999999999999991e+00
8.200000000000000622e-01 2.209999999999999964e+00
9.100000000000000311e-01 2.339999999999999858e+00
9.599999999999999645e-01 2.410000000000000142e+00
1.020000000000000018e+00 2.500000000000000000e+00
1.080000000000000071e+00 2.580000000000000071e+00
1.150000000000000133e+00 2.680000000000000160e+00
1.310000000000000053e+00 2.899999999999999911e+00
1.610000000000000098e+00 3.300000000000000266e+00
2.030000000000000249e+00 3.839999999999999858e+00
2.209999999999999964e+00 4.070000000000000284e+00
2.229999999999999982e+00 4.099999999999999645e+00
2.410000000000000142e+00 4.320000000000000284e+00
2.430000000000000160e+00 4.350000000000000533e+00
2.450000000000000178e+00 4.379999999999999893e+00
3.270000000000000018e+00 5.379999999999999893e+00
3.290000000000000036e+00 5.410000000000000142e+00
3.680000000000000160e+00 5.879999999999999893e+00
3.709999999999999964e+00 5.919999999999999929e+00
4.120000000000000107e+00 6.400000000000000355e+00
4.150000000000000355e+00 6.440000000000000391e+00
4.169999999999999929e+00 6.469999999999999751e+00
4.669999999999999929e+00 7.049999999999999822e+00
4.700000000000000178e+00 7.089999999999999858e+00
4.730000000000000426e+00 7.129999999999999893e+00
4.759999999999999787e+00 7.169999999999999929e+00
5.370000000000000107e+00 7.870000000000000107e+00
5.400000000000000355e+00 7.910000000000000142e+00
5.429999999999999716e+00 7.950000000000000178e+00
5.469999999999999751e+00 8.000000000000000000e+00
6.200000000000000178e+00 8.830000000000000071e+00
6.240000000000000213e+00 8.880000000000000782e+00
6.270000000000000462e+00 8.919999999999999929e+00
6.280000000000000249e+00 8.929999999999999716e+00
6.310000000000000497e+00 8.970000000000000639e+00
6.350000000000000533e+00 9.019999999999999574e+00
