0.000000000000000000e+00 1.000000000000000000e+00
0.000000000000000000e+00 1.000000000000000000e+00
0.000000000000000000e+00 1.000000000000000000e+00
0.000000000000000000e+00 1.000000000000000000e+00
0.000000000000000000e+00 1.010000000000000009e+00
4.450000000000000178e+00 8.990000000000000213e+00
4.459999999999999964e+00 9.009999999999999787e+00
4.490000000000000213e+00 9.080000000000000071e+00
4.500000000000000000e+00 9.099999999999999645e+00
4.530000000000000249e+00 9.169999999999999929e+00
4.540000000000000036e+00 9.189999999999999503e+00
4.570000000000000284e+00 9.259999999999999787e+00
4.580000000000000071e+00 9.279999999999999361e+00
4.610000000000000320e+00 9.349999999999999645e+00
4.620000000000000107e+00 9.370000000000000995e+00
3.810000000000000053e+00 7.410000000000000142e+00
3.820000000000000284e+00 7.429999999999999716e+00
3.830000000000000071e+00 7.450000000000000178e+00
3.879999999999999893e+00 7.560000000000000497e+00
3.890000000000000124e+00 7.580000000000000071e+00
3.899999999999999911e+00 7.600000000000000533e+00
3.910000000000000142e+00 7.620000000000000107e+00
3.339999999999999858e+00 6.290000000000000036e+00
3.350000000000000089e+00 6.310000000000000497e+00
2.770000000000000018e+00 4.980000000000000426e+00
2.780000000000000249e+00 5.000000000000000000e+00
2.790000000000000036e+00 5.020000000000000462e+00
2.550000000000000266e+00 4.509999999999999787e+00
2.569999999999999840e+00 4.540000000000000036e+00
2.580000000000000071e+00 4.560000000000000497e+00
2.379999999999999893e+00 4.150000000000000355e+00
2.410000000000000142e+00 4.200000000000000178e+00
2.250000000000000000e+00 3.879999999999999893e+00
2.270000000000000018e+00 3.910000000000000142e+00
2.140000000000000124e+00 3.660000000000000142e+00
2.149999999999999911e+00 3.669999999999999929e+00
2.049999999999999822e+00 3.479999999999999982e+00
1.959999999999999964e+00 3.310000000000000053e+00
1.979999999999999982e+00 3.339999999999999858e+00
1.910000000000000142e+00 3.209999999999999964e+00
1.840000000000000080e+00 3.089999999999999858e+00
1.850000000000000089e+00 3.100000000000000089e+00
1.790000000000000036e+00 3.000000000000000000e+00
1.800000000000000044e+00 3.010000000000000231e+00
1.750000000000000000e+00 2.930000000000000160e+00
1.760000000000000009e+00 2.939999999999999947e+00
1.669999999999999929e+00 2.790000000000000036e+00
1.650000000000000133e+00 2.760000000000000231e+00
1.660000000000000142e+00 2.770000000000000018e+00
1.640000000000000124e+00 2.740000000000000213e+00
1.630000000000000115e+00 2.729999999999999982e+00
1.630000000000000115e+00 2.729999999999999982e+00
1.630000000000000115e+00 2.729999999999999982e+00
1.630000000000000115e+00 2.729999999999999982e+00
1.640000000000000124e+00 2.740000000000000213e+00
1.660000000000000142e+00 2.770000000000000018e+00
1.719999999999999973e+00 2.859999999999999876e+00
1.750000000000000000e+00 2.899999999999999911e+00
1.790000000000000036e+00 2.950000000000000178e+00
1.880000000000000115e+00 3.070000000000000284e+00
1.939999999999999947e+00 3.149999999999999911e+00
2.000000000000000000e+00 3.229999999999999982e+00
2.069999999999999840e+00 3.320000000000000284e+00
2.080000000000000071e+00 3.339999999999999858e+00
2.160000000000000142e+00 3.439999999999999947e+00
2.609999999999999876e+00 4.000000000000000000e+00
2.760000000000000231e+00 4.179999999999999716e+00
2.939999999999999947e+00 4.400000000000000355e+00
2.959999999999999964e+00 4.429999999999999716e+00
3.149999999999999911e+00 4.650000000000000355e+00
3.169999999999999929e+00 4.679999999999999716e+00
3.399999999999999911e+00 4.950000000000000178e+00
3.419999999999999929e+00 4.980000000000000426e+00
3.689999999999999947e+00 5.290000000000000036e+00
3.709999999999999964e+00 5.320000000000000284e+00
4.040000000000000036e+00 5.700000000000000178e+00
4.060000000000000497e+00 5.730000000000000426e+00
4.440000000000000391e+00 6.160000000000000142e+00
4.469999999999999751e+00 6.200000000000000178e+00
4.500000000000000000e+00 6.240000000000000213e+00
4.929999999999999716e+00 6.719999999999999751e+00
4.959999999999999964e+00 6.759999999999999787e+00
4.990000000000000213e+00 6.799999999999999822e+00
5.530000000000000249e+00 7.400000000000000355e+00
5.570000000000000284e+00 7.450000000000000178e+00
5.600000000000000533e+00 7.490000000000000213e+00
5.610000000000000320e+00 7.500000000000000000e+00
5.639999999999999680e+00 7.540000000000000036e+00
6.320000000000000284e+00 8.290000000000000924e+00
6.360000000000000320e+00 8.339999999999999858e+00
6.400000000000000355e+00 8.390000000000000568e+00
6.440000000000000391e+00 8.439999999999999503e+00
6.450000000000000178e+00 8.449999999999999289e+00
7.290000000000000036e+00 9.370000000000000995e+00
7.299999999999999822e+00 9.380000000000000782e+00
7.339999999999999858e+00 9.429999999999999716e+00
7.390000000000000568e+00 9.490000000000000213e+00
7.440000000000000391e+00 9.550000000000000711e+00
7.480000000000000426e+00 9.599999999999999645e+00
7.490000000000000213e+00 9.609999999999999432e+00
