5.100000000000000089e-01 1.429999999999999938e+00
5.200000000000000178e-01 1.449999999999999956e+00
5.500000000000000444e-01 1.500000000000000000e+00
5.600000000000000533e-01 1.520000000000000018e+00
5.700000000000000622e-01 1.540000000000000036e+00
5.800000000000000711e-01 1.560000000000000053e+00
5.899999999999999689e-01 1.580000000000000071e+00
5.999999999999999778e-01 1.600000000000000089e+00
6.099999999999999867e-01 1.620000000000000107e+00
6.199999999999999956e-01 1.640000000000000124e+00
5.100000000000000089e-01 1.429999999999999938e+00
5.200000000000000178e-01 1.449999999999999956e+00
5.500000000000000444e-01 1.500000000000000000e+00
5.600000000000000533e-01 1.520000000000000018e+00
5.700000000000000622e-01 1.540000000000000036e+00
5.800000000000000711e-01 1.560000000000000053e+00
5.899999999999999689e-01 1.580000000000000071e+00
6.099999999999999867e-01 1.620000000000000107e+00
6.199999999999999956e-01 1.640000000000000124e+00
5.100000000000000089e-01 1.429999999999999938e+00
5.200000000000000178e-01 1.449999999999999956e+00
5.400000000000000355e-01 1.479999999999999982e+00
5.500000000000000444e-01 1.500000000000000000e+00
5.600000000000000533e-01 1.520000000000000018e+00
5.700000000000000622e-01 1.540000000000000036e+00
5.100000000000000089e-01 1.429999999999999938e+00
5.200000000000000178e-01 1.449999999999999956e+00
5.400000000000000355e-01 1.479999999999999982e+00
5.500000000000000444e-01 1.500000000000000000e+00
5.600000000000000533e-01 1.520000000000000018e+00
5.200000000000000178e-01 1.449999999999999956e+00
5.400000000000000355e-01 1.479999999999999982e+00
5.500000000000000444e-01 1.500000000000000000e+00
5.600000000000000533e-01 1.520000000000000018e+00
5.200000000000000178e-01 1.449999999999999956e+00
5.400000000000000355e-01 1.479999999999999982e+00
5.500000000000000444e-01 1.500000000000000000e+00
5.200000000000000178e-01 1.449999999999999956e+00
5.400000000000000355e-01 1.479999999999999982e+00
5.500000000000000444e-01 1.500000000000000000e+00
5.200000000000000178e-01 1.449999999999999956e+00
5.300000000000000266e-01 1.469999999999999973e+00
5.500000000000000444e-01 1.500000000000000000e+00
5.300000000000000266e-01 1.469999999999999973e+00
5.500000000000000444e-01 1.500000000000000000e+00
5.300000000000000266e-01 1.469999999999999973e+00
5.500000000000000444e-01 1.500000000000000000e+00
5.300000000000000266e-01 1.469999999999999973e+00
5.500000000000000444e-01 1.500000000000000000e+00
5.400000000000000355e-01 1.489999999999999991e+00
5.500000000000000444e-01 1.500000000000000000e+00
5.400000000000000355e-01 1.489999999999999991e+00
5.500000000000000444e-01 1.500000000000000000e+00
5.400000000000000355e-01 1.489999999999999991e+00
5.600000000000000533e-01 1.520000000000000018e+00
5.600000000000000533e-01 1.520000000000000018e+00
5.600000000000000533e-01 1.520000000000000018e+00
5.700000000000000622e-01 1.540000000000000036e+00
5.700000000000000622e-01 1.540000000000000036e+00
5.899999999999999689e-01 1.570000000000000062e+00
5.800000000000000711e-01 1.560000000000000053e+00
5.899999999999999689e-01 1.570000000000000062e+00
5.999999999999999778e-01 1.590000000000000080e+00
6.099999999999999867e-01 1.610000000000000098e+00
6.300000000000000044e-01 1.640000000000000124e+00
6.400000000000000133e-01 1.660000000000000142e+00
6.600000000000000311e-01 1.689999999999999947e+00
6.700000000000000400e-01 1.709999999999999964e+00
6.899999999999999467e-01 1.739999999999999991e+00
6.999999999999999556e-01 1.760000000000000009e+00
7.500000000000000000e-01 1.840000000000000080e+00
7.700000000000000178e-01 1.870000000000000107e+00
7.800000000000000266e-01 1.890000000000000124e+00
8.000000000000000444e-01 1.919999999999999929e+00
8.200000000000000622e-01 1.949999999999999956e+00
8.400000000000000799e-01 1.979999999999999982e+00
8.600000000000000977e-01 2.010000000000000231e+00
8.800000000000000044e-01 2.040000000000000036e+00
9.299999999999999378e-01 2.120000000000000107e+00
9.599999999999999645e-01 2.160000000000000142e+00
1.020000000000000018e+00 2.250000000000000000e+00
1.060000000000000053e+00 2.310000000000000053e+00
1.180000000000000160e+00 2.479999999999999982e+00
1.229999999999999982e+00 2.550000000000000266e+00
1.340000000000000080e+00 2.700000000000000178e+00
1.469999999999999973e+00 2.870000000000000107e+00
1.479999999999999982e+00 2.890000000000000124e+00
1.550000000000000044e+00 2.979999999999999982e+00
1.640000000000000124e+00 3.100000000000000089e+00
1.739999999999999991e+00 3.229999999999999982e+00
1.959999999999999964e+00 3.510000000000000231e+00
2.100000000000000089e+00 3.689999999999999947e+00
2.629999999999999893e+00 4.350000000000000533e+00
2.839999999999999858e+00 4.600000000000000533e+00
2.860000000000000320e+00 4.629999999999999893e+00
3.120000000000000107e+00 4.940000000000000391e+00
3.139999999999999680e+00 4.969999999999999751e+00
3.429999999999999716e+00 5.310000000000000497e+00
3.450000000000000178e+00 5.339999999999999858e+00
3.480000000000000426e+00 5.379999999999999893e+00
3.799999999999999822e+00 5.750000000000000000e+00
3.830000000000000071e+00 5.790000000000000036e+00
3.860000000000000320e+00 5.830000000000000071e+00
4.280000000000000249e+00 6.320000000000000284e+00
4.310000000000000497e+00 6.360000000000000320e+00
4.799999999999999822e+00 6.919999999999999929e+00
4.830000000000000071e+00 6.959999999999999964e+00
4.870000000000000107e+00 7.009999999999999787e+00
5.459999999999999964e+00 7.679999999999999716e+00
5.500000000000000000e+00 7.730000000000000426e+00
5.540000000000000036e+00 7.780000000000000249e+00
6.269999999999999574e+00 8.599999999999999645e+00
6.309999999999999609e+00 8.650000000000000355e+00
6.349999999999999645e+00 8.700000000000001066e+00
6.389999999999999680e+00 8.750000000000000000e+00
6.429999999999999716e+00 8.800000000000000711e+00
7.330000000000000071e+00 9.800000000000000711e+00
7.339999999999999858e+00 9.810000000000000497e+00
7.379999999999999893e+00 9.859999999999999432e+00
7.419999999999999929e+00 9.910000000000000142e+00
7.429999999999999716e+00 9.919999999999999929e+00
7.469999999999999751e+00 9.970000000000000639e+00
