5.080091368690571249e-03
1.232869661154529714e-02
6.770644537538939717e-03
4.729789046148025373e-03
2.322166028592152157e-03
7.120860727563891636e-03
1.418772219905121805e-02
9.225419106952348347e-03
6.264150202063154850e-03
3.574499373215631222e-03
7.609437339542965070e-03
1.871107898574553979e-02
8.790146677100043118e-03
1.389528332722308329e-02
1.499974214740476194e-02
1.393441377183511458e-02
6.167205487938544860e-03
1.395977941360054646e-02
1.242268284774025906e-02
5.328419510746401806e-03
6.692801005425029308e-03
1.399426941946477036e-02
7.937107608822810412e-03
1.374539382491189211e-02
1.224239156237270573e-02
9.824314218554621239e-03
1.149864878343114134e-02
1.524666171166190985e-02
9.449984946319394188e-03
5.565696952614103236e-03
9.378302364148178444e-03
1.721095298506990570e-02
3.839920679452152666e-03
1.469575115263716328e-02
2.840631466043583297e-02
2.510626522527738616e-02
1.489464721781277173e-02
1.216775202655366421e-02
1.866609702038890192e-02
8.879216182951689060e-03
8.994738115101624798e-03
1.547499603081800221e-02
9.192508523523096678e-03
1.525078941682540476e-02
1.074068112987686119e-02
1.833243052179758109e-02
4.251742736013539026e-02
6.551318132882611583e-03
1.106810976449076715e-02
2.077444605175451237e-02
1.185176506668848308e-02
2.317248015293448329e-02
2.619738032236076236e-02
1.242561133056724852e-02
2.168233627878494649e-02
1.748563116607164750e-02
1.446657785544083925e-02
2.573213634064631244e-02
1.611854770395778486e-02
2.161074011385605634e-02
8.416414174647252056e-03
1.085104876525123767e-02
1.568419494330520331e-02
1.226565056551627390e-02
2.260836908219514621e-02
2.158130481299994768e-02
5.141156988854905796e-02
3.866578432445238328e-02
1.283343304786655446e-02
4.305471396725569881e-03
2.435693799303711299e-02
3.122810918367387861e-02
6.291928165507026938e-02
6.344208956394160881e-02
7.106901003149795892e-02
8.264110273453584288e-02
8.240808786448072798e-01
8.356035362429389268e-01
8.341238333809323224e-01
8.491658896084796071e-01
8.413665855908266655e-01
8.505632129103357641e-01
8.561127568676577537e-01
8.697491595479278637e-01
8.636504852770948704e-01
8.714085639731552480e-01
8.761562814121055531e-01
8.701911920608341733e-01
8.817565513978433689e-01
8.831530793660831158e-01
8.883035370930243424e-01
8.896388674761883664e-01
8.922971572299205345e-01
8.935910233155524018e-01
8.981808958498473938e-01
8.958145272363913225e-01
9.030177076870330444e-01
9.045547979772678993e-01
9.050615647367995509e-01
9.068440863408807617e-01
