8.100000000000000533e-01 1.640000000000000124e+00
8.300000000000000711e-01 1.669999999999999929e+00
8.500000000000000888e-01 1.699999999999999956e+00
8.700000000000001066e-01 1.729999999999999982e+00
8.900000000000000133e-01 1.760000000000000009e+00
9.100000000000000311e-01 1.790000000000000036e+00
9.300000000000000488e-01 1.820000000000000062e+00
9.400000000000000577e-01 1.840000000000000080e+00
9.500000000000000666e-01 1.850000000000000089e+00
9.600000000000000755e-01 1.870000000000000107e+00
9.800000000000000933e-01 1.900000000000000133e+00
9.899999999999999911e-01 1.919999999999999929e+00
1.010000000000000009e+00 1.949999999999999956e+00
1.020000000000000018e+00 1.969999999999999973e+00
1.030000000000000027e+00 1.979999999999999982e+00
1.040000000000000036e+00 2.000000000000000000e+00
1.050000000000000044e+00 2.020000000000000018e+00
1.060000000000000053e+00 2.030000000000000249e+00
1.070000000000000062e+00 2.049999999999999822e+00
1.080000000000000071e+00 2.069999999999999840e+00
1.100000000000000089e+00 2.100000000000000089e+00
1.110000000000000098e+00 2.120000000000000107e+00
1.140000000000000124e+00 2.169999999999999929e+00
1.150000000000000133e+00 2.189999999999999947e+00
1.189999999999999947e+00 2.260000000000000231e+00
8.100000000000000533e-01 1.640000000000000124e+00
8.300000000000000711e-01 1.669999999999999929e+00
8.500000000000000888e-01 1.699999999999999956e+00
8.700000000000001066e-01 1.729999999999999982e+00
8.900000000000000133e-01 1.760000000000000009e+00
9.100000000000000311e-01 1.790000000000000036e+00
9.300000000000000488e-01 1.820000000000000062e+00
9.500000000000000666e-01 1.850000000000000089e+00
9.600000000000000755e-01 1.870000000000000107e+00
9.700000000000000844e-01 1.880000000000000115e+00
9.800000000000000933e-01 1.900000000000000133e+00
1.000000000000000000e+00 1.929999999999999938e+00
1.010000000000000009e+00 1.949999999999999956e+00
1.020000000000000018e+00 1.959999999999999964e+00
1.030000000000000027e+00 1.979999999999999982e+00
1.040000000000000036e+00 2.000000000000000000e+00
1.060000000000000053e+00 2.030000000000000249e+00
1.070000000000000062e+00 2.049999999999999822e+00
1.100000000000000089e+00 2.100000000000000089e+00
8.100000000000000533e-01 1.640000000000000124e+00
8.300000000000000711e-01 1.669999999999999929e+00
8.500000000000000888e-01 1.699999999999999956e+00
8.600000000000000977e-01 1.709999999999999964e+00
8.700000000000001066e-01 1.729999999999999982e+00
8.800000000000001155e-01 1.739999999999999991e+00
8.900000000000000133e-01 1.760000000000000009e+00
9.000000000000000222e-01 1.770000000000000018e+00
9.100000000000000311e-01 1.790000000000000036e+00
9.200000000000000400e-01 1.800000000000000044e+00
9.300000000000000488e-01 1.820000000000000062e+00
9.500000000000000666e-01 1.850000000000000089e+00
9.700000000000000844e-01 1.880000000000000115e+00
9.800000000000000933e-01 1.900000000000000133e+00
9.899999999999999911e-01 1.910000000000000142e+00
1.000000000000000000e+00 1.929999999999999938e+00
1.020000000000000018e+00 1.959999999999999964e+00
1.030000000000000027e+00 1.979999999999999982e+00
8.100000000000000533e-01 1.640000000000000124e+00
8.300000000000000711e-01 1.669999999999999929e+00
8.500000000000000888e-01 1.699999999999999956e+00
8.600000000000000977e-01 1.709999999999999964e+00
8.700000000000001066e-01 1.729999999999999982e+00
8.800000000000001155e-01 1.739999999999999991e+00
8.900000000000000133e-01 1.760000000000000009e+00
9.000000000000000222e-01 1.770000000000000018e+00
9.100000000000000311e-01 1.790000000000000036e+00
9.200000000000000400e-01 1.800000000000000044e+00
9.300000000000000488e-01 1.820000000000000062e+00
9.400000000000000577e-01 1.830000000000000071e+00
9.500000000000000666e-01 1.850000000000000089e+00
9.600000000000000755e-01 1.860000000000000098e+00
9.700000000000000844e-01 1.880000000000000115e+00
9.899999999999999911e-01 1.910000000000000142e+00
1.020000000000000018e+00 1.959999999999999964e+00
8.100000000000000533e-01 1.640000000000000124e+00
8.300000000000000711e-01 1.669999999999999929e+00
8.500000000000000888e-01 1.699999999999999956e+00
8.600000000000000977e-01 1.709999999999999964e+00
8.700000000000001066e-01 1.729999999999999982e+00
8.800000000000001155e-01 1.739999999999999991e+00
8.900000000000000133e-01 1.760000000000000009e+00
9.000000000000000222e-01 1.770000000000000018e+00
9.200000000000000400e-01 1.800000000000000044e+00
9.400000000000000577e-01 1.830000000000000071e+00
9.600000000000000755e-01 1.860000000000000098e+00
9.700000000000000844e-01 1.880000000000000115e+00
9.899999999999999911e-01 1.910000000000000142e+00
8.200000000000000622e-01 1.660000000000000142e+00
8.300000000000000711e-01 1.669999999999999929e+00
8.500000000000000888e-01 1.699999999999999956e+00
8.700000000000001066e-01 1.729999999999999982e+00
8.800000000000001155e-01 1.739999999999999991e+00
9.000000000000000222e-01 1.770000000000000018e+00
9.200000000000000400e-01 1.800000000000000044e+00
9.400000000000000577e-01 1.830000000000000071e+00
9.600000000000000755e-01 1.860000000000000098e+00
8.200000000000000622e-01 1.660000000000000142e+00
8.300000000000000711e-01 1.669999999999999929e+00
8.500000000000000888e-01 1.699999999999999956e+00
8.700000000000001066e-01 1.729999999999999982e+00
8.800000000000001155e-01 1.739999999999999991e+00
9.000000000000000222e-01 1.770000000000000018e+00
9.200000000000000400e-01 1.800000000000000044e+00
9.400000000000000577e-01 1.830000000000000071e+00
9.600000000000000755e-01 1.860000000000000098e+00
8.200000000000000622e-01 1.660000000000000142e+00
8.300000000000000711e-01 1.669999999999999929e+00
8.400000000000000799e-01 1.689999999999999947e+00
8.500000000000000888e-01 1.699999999999999956e+00
8.700000000000001066e-01 1.729999999999999982e+00
8.800000000000001155e-01 1.739999999999999991e+00
9.000000000000000222e-01 1.770000000000000018e+00
9.200000000000000400e-01 1.800000000000000044e+00
9.400000000000000577e-01 1.830000000000000071e+00
8.100000000000000533e-01 1.650000000000000133e+00
8.200000000000000622e-01 1.660000000000000142e+00
8.400000000000000799e-01 1.689999999999999947e+00
8.500000000000000888e-01 1.699999999999999956e+00
8.700000000000001066e-01 1.729999999999999982e+00
8.800000000000001155e-01 1.739999999999999991e+00
9.000000000000000222e-01 1.770000000000000018e+00
9.200000000000000400e-01 1.800000000000000044e+00
8.100000000000000533e-01 1.650000000000000133e+00
8.200000000000000622e-01 1.660000000000000142e+00
8.400000000000000799e-01 1.689999999999999947e+00
8.500000000000000888e-01 1.699999999999999956e+00
8.700000000000001066e-01 1.729999999999999982e+00
8.800000000000001155e-01 1.739999999999999991e+00
8.900000000000000133e-01 1.760000000000000009e+00
9.000000000000000222e-01 1.770000000000000018e+00
9.200000000000000400e-01 1.800000000000000044e+00
8.100000000000000533e-01 1.650000000000000133e+00
8.400000000000000799e-01 1.689999999999999947e+00
8.600000000000000977e-01 1.719999999999999973e+00
8.700000000000001066e-01 1.729999999999999982e+00
8.900000000000000133e-01 1.760000000000000009e+00
9.000000000000000222e-01 1.770000000000000018e+00
9.200000000000000400e-01 1.800000000000000044e+00
8.400000000000000799e-01 1.689999999999999947e+00
8.600000000000000977e-01 1.719999999999999973e+00
8.700000000000001066e-01 1.729999999999999982e+00
8.900000000000000133e-01 1.760000000000000009e+00
9.000000000000000222e-01 1.770000000000000018e+00
9.200000000000000400e-01 1.800000000000000044e+00
8.600000000000000977e-01 1.719999999999999973e+00
8.800000000000001155e-01 1.750000000000000000e+00
8.900000000000000133e-01 1.760000000000000009e+00
9.000000000000000222e-01 1.770000000000000018e+00
9.200000000000000400e-01 1.800000000000000044e+00
8.600000000000000977e-01 1.719999999999999973e+00
8.800000000000001155e-01 1.750000000000000000e+00
8.900000000000000133e-01 1.760000000000000009e+00
9.100000000000000311e-01 1.790000000000000036e+00
9.200000000000000400e-01 1.800000000000000044e+00
8.800000000000001155e-01 1.750000000000000000e+00
8.900000000000000133e-01 1.760000000000000009e+00
9.100000000000000311e-01 1.790000000000000036e+00
9.200000000000000400e-01 1.800000000000000044e+00
9.400000000000000577e-01 1.830000000000000071e+00
9.000000000000000222e-01 1.780000000000000027e+00
9.100000000000000311e-01 1.790000000000000036e+00
9.200000000000000400e-01 1.800000000000000044e+00
9.400000000000000577e-01 1.830000000000000071e+00
9.000000000000000222e-01 1.780000000000000027e+00
9.100000000000000311e-01 1.790000000000000036e+00
9.300000000000000488e-01 1.820000000000000062e+00
9.400000000000000577e-01 1.830000000000000071e+00
9.200000000000000400e-01 1.810000000000000053e+00
9.300000000000000488e-01 1.820000000000000062e+00
9.400000000000000577e-01 1.830000000000000071e+00
9.600000000000000755e-01 1.860000000000000098e+00
9.200000000000000400e-01 1.810000000000000053e+00
9.400000000000000577e-01 1.840000000000000080e+00
9.500000000000000666e-01 1.850000000000000089e+00
9.600000000000000755e-01 1.860000000000000098e+00
9.400000000000000577e-01 1.840000000000000080e+00
9.500000000000000666e-01 1.850000000000000089e+00
9.600000000000000755e-01 1.860000000000000098e+00
9.800000000000000933e-01 1.890000000000000124e+00
9.600000000000000755e-01 1.870000000000000107e+00
9.700000000000000844e-01 1.880000000000000115e+00
9.800000000000000933e-01 1.890000000000000124e+00
9.600000000000000755e-01 1.870000000000000107e+00
9.899999999999999911e-01 1.910000000000000142e+00
1.000000000000000000e+00 1.919999999999999929e+00
9.899999999999999911e-01 1.910000000000000142e+00
1.000000000000000000e+00 1.919999999999999929e+00
1.010000000000000009e+00 1.939999999999999947e+00
1.020000000000000018e+00 1.949999999999999956e+00
1.030000000000000027e+00 1.969999999999999973e+00
1.040000000000000036e+00 1.979999999999999982e+00
1.050000000000000044e+00 2.000000000000000000e+00
1.060000000000000053e+00 2.010000000000000231e+00
1.070000000000000062e+00 2.030000000000000249e+00
1.080000000000000071e+00 2.040000000000000036e+00
1.090000000000000080e+00 2.060000000000000053e+00
1.100000000000000089e+00 2.069999999999999840e+00
1.110000000000000098e+00 2.080000000000000071e+00
1.110000000000000098e+00 2.089999999999999858e+00
1.120000000000000107e+00 2.100000000000000089e+00
1.130000000000000115e+00 2.109999999999999876e+00
1.130000000000000115e+00 2.120000000000000107e+00
1.140000000000000124e+00 2.129999999999999893e+00
1.150000000000000133e+00 2.140000000000000124e+00
1.160000000000000142e+00 2.160000000000000142e+00
1.169999999999999929e+00 2.169999999999999929e+00
1.200000000000000178e+00 2.220000000000000195e+00
1.209999999999999964e+00 2.229999999999999982e+00
1.220000000000000195e+00 2.250000000000000000e+00
1.229999999999999982e+00 2.260000000000000231e+00
1.260000000000000009e+00 2.310000000000000053e+00
1.270000000000000018e+00 2.319999999999999840e+00
1.280000000000000027e+00 2.330000000000000071e+00
1.310000000000000053e+00 2.379999999999999893e+00
1.320000000000000062e+00 2.390000000000000124e+00
1.350000000000000089e+00 2.439999999999999947e+00
1.360000000000000098e+00 2.450000000000000178e+00
1.390000000000000124e+00 2.500000000000000000e+00
1.399999999999999911e+00 2.510000000000000231e+00
1.410000000000000142e+00 2.530000000000000249e+00
1.450000000000000178e+00 2.589999999999999858e+00
1.459999999999999964e+00 2.600000000000000089e+00
1.470000000000000195e+00 2.609999999999999876e+00
1.520000000000000018e+00 2.689999999999999947e+00
1.530000000000000027e+00 2.700000000000000178e+00
1.540000000000000036e+00 2.720000000000000195e+00
1.600000000000000089e+00 2.810000000000000053e+00
1.610000000000000098e+00 2.819999999999999840e+00
1.620000000000000107e+00 2.830000000000000071e+00
1.620000000000000107e+00 2.839999999999999858e+00
1.689999999999999947e+00 2.939999999999999947e+00
1.700000000000000178e+00 2.950000000000000178e+00
1.709999999999999964e+00 2.970000000000000195e+00
1.720000000000000195e+00 2.979999999999999982e+00
1.800000000000000044e+00 3.100000000000000089e+00
1.810000000000000053e+00 3.109999999999999876e+00
1.810000000000000053e+00 3.120000000000000107e+00
1.820000000000000062e+00 3.129999999999999893e+00
1.830000000000000071e+00 3.140000000000000124e+00
1.830000000000000071e+00 3.149999999999999911e+00
1.930000000000000160e+00 3.300000000000000266e+00
1.940000000000000169e+00 3.310000000000000053e+00
1.950000000000000178e+00 3.320000000000000284e+00
1.950000000000000178e+00 3.330000000000000071e+00
1.960000000000000187e+00 3.339999999999999858e+00
1.969999999999999973e+00 3.350000000000000089e+00
2.100000000000000089e+00 3.550000000000000266e+00
2.110000000000000320e+00 3.560000000000000053e+00
2.120000000000000107e+00 3.580000000000000071e+00
2.129999999999999893e+00 3.589999999999999858e+00
2.140000000000000124e+00 3.609999999999999876e+00
2.150000000000000355e+00 3.620000000000000107e+00
2.320000000000000284e+00 3.879999999999999893e+00
2.330000000000000071e+00 3.890000000000000124e+00
2.339999999999999858e+00 3.899999999999999911e+00
2.339999999999999858e+00 3.910000000000000142e+00
2.350000000000000089e+00 3.919999999999999929e+00
2.360000000000000320e+00 3.930000000000000160e+00
2.360000000000000320e+00 3.939999999999999947e+00
2.370000000000000107e+00 3.950000000000000178e+00
2.379999999999999893e+00 3.959999999999999964e+00
2.379999999999999893e+00 3.970000000000000195e+00
2.610000000000000320e+00 4.320000000000000284e+00
2.620000000000000107e+00 4.330000000000000071e+00
2.629999999999999893e+00 4.339999999999999858e+00
2.629999999999999893e+00 4.350000000000000533e+00
2.640000000000000124e+00 4.360000000000000320e+00
2.650000000000000355e+00 4.370000000000000107e+00
2.650000000000000355e+00 4.379999999999999893e+00
2.660000000000000142e+00 4.389999999999999680e+00
2.669999999999999929e+00 4.400000000000000355e+00
2.669999999999999929e+00 4.410000000000000142e+00
2.680000000000000160e+00 4.419999999999999929e+00
2.690000000000000391e+00 4.429999999999999716e+00
2.690000000000000391e+00 4.440000000000000391e+00
2.700000000000000178e+00 4.450000000000000178e+00
3.030000000000000249e+00 4.940000000000000391e+00
3.030000000000000249e+00 4.950000000000000178e+00
3.040000000000000036e+00 4.959999999999999964e+00
3.040000000000000036e+00 4.969999999999999751e+00
3.050000000000000266e+00 4.969999999999999751e+00
3.050000000000000266e+00 4.980000000000000426e+00
3.060000000000000053e+00 4.990000000000000213e+00
3.060000000000000053e+00 5.000000000000000000e+00
3.070000000000000284e+00 5.000000000000000000e+00
3.070000000000000284e+00 5.009999999999999787e+00
3.080000000000000071e+00 5.020000000000000462e+00
3.080000000000000071e+00 5.030000000000000249e+00
3.090000000000000302e+00 5.030000000000000249e+00
3.090000000000000302e+00 5.040000000000000036e+00
3.100000000000000089e+00 5.049999999999999822e+00
3.100000000000000089e+00 5.060000000000000497e+00
3.110000000000000320e+00 5.060000000000000497e+00
3.110000000000000320e+00 5.070000000000000284e+00
3.120000000000000107e+00 5.080000000000000071e+00
3.120000000000000107e+00 5.089999999999999858e+00
3.129999999999999893e+00 5.089999999999999858e+00
3.129999999999999893e+00 5.100000000000000533e+00
3.140000000000000124e+00 5.110000000000000320e+00
3.140000000000000124e+00 5.120000000000000107e+00
3.149999999999999911e+00 5.120000000000000107e+00
3.149999999999999911e+00 5.129999999999999893e+00
3.660000000000000142e+00 5.900000000000000355e+00
3.660000000000000142e+00 5.910000000000000142e+00
3.669999999999999929e+00 5.910000000000000142e+00
3.669999999999999929e+00 5.919999999999999929e+00
3.680000000000000160e+00 5.929999999999999716e+00
3.680000000000000160e+00 5.940000000000000391e+00
3.689999999999999947e+00 5.940000000000000391e+00
3.689999999999999947e+00 5.950000000000000178e+00
3.700000000000000178e+00 5.959999999999999964e+00
3.700000000000000178e+00 5.969999999999999751e+00
3.709999999999999964e+00 5.969999999999999751e+00
3.709999999999999964e+00 5.980000000000000426e+00
3.720000000000000195e+00 5.990000000000000213e+00
3.720000000000000195e+00 6.000000000000000000e+00
3.729999999999999982e+00 6.000000000000000000e+00
3.729999999999999982e+00 6.009999999999999787e+00
3.740000000000000213e+00 6.020000000000000462e+00
3.740000000000000213e+00 6.030000000000000249e+00
3.750000000000000000e+00 6.030000000000000249e+00
3.750000000000000000e+00 6.040000000000000036e+00
3.760000000000000231e+00 6.049999999999999822e+00
3.760000000000000231e+00 6.060000000000000497e+00
3.770000000000000018e+00 6.060000000000000497e+00
3.770000000000000018e+00 6.070000000000000284e+00
3.780000000000000249e+00 6.080000000000000071e+00
3.780000000000000249e+00 6.089999999999999858e+00
3.790000000000000036e+00 6.089999999999999858e+00
3.790000000000000036e+00 6.100000000000000533e+00
3.800000000000000266e+00 6.110000000000000320e+00
3.800000000000000266e+00 6.120000000000000107e+00
3.810000000000000053e+00 6.120000000000000107e+00
3.810000000000000053e+00 6.129999999999999893e+00
3.820000000000000284e+00 6.140000000000000568e+00
3.820000000000000284e+00 6.150000000000000355e+00
3.830000000000000071e+00 6.150000000000000355e+00
3.830000000000000071e+00 6.160000000000000142e+00
3.830000000000000071e+00 6.169999999999999929e+00
3.840000000000000302e+00 6.169999999999999929e+00
3.840000000000000302e+00 6.179999999999999716e+00
4.679999999999999716e+00 7.440000000000000391e+00
4.689999999999999503e+00 7.459999999999999964e+00
4.689999999999999503e+00 7.469999999999999751e+00
4.700000000000000178e+00 7.469999999999999751e+00
4.700000000000000178e+00 7.480000000000000426e+00
4.700000000000000178e+00 7.490000000000000213e+00
4.709999999999999964e+00 7.490000000000000213e+00
4.709999999999999964e+00 7.500000000000000000e+00
4.709999999999999964e+00 7.509999999999999787e+00
4.720000000000000639e+00 7.500000000000000000e+00
4.720000000000000639e+00 7.509999999999999787e+00
4.720000000000000639e+00 7.520000000000000462e+00
4.730000000000000426e+00 7.520000000000000462e+00
4.730000000000000426e+00 7.530000000000000249e+00
4.730000000000000426e+00 7.540000000000000036e+00
4.740000000000000213e+00 7.530000000000000249e+00
4.740000000000000213e+00 7.540000000000000036e+00
4.740000000000000213e+00 7.549999999999999822e+00
4.750000000000000000e+00 7.549999999999999822e+00
4.750000000000000000e+00 7.560000000000000497e+00
4.750000000000000000e+00 7.570000000000000284e+00
4.759999999999999787e+00 7.570000000000000284e+00
4.759999999999999787e+00 7.580000000000000071e+00
4.769999999999999574e+00 7.580000000000000071e+00
4.769999999999999574e+00 7.589999999999999858e+00
4.769999999999999574e+00 7.600000000000000533e+00
4.780000000000000249e+00 7.600000000000000533e+00
4.780000000000000249e+00 7.610000000000000320e+00
4.790000000000000036e+00 7.610000000000000320e+00
4.790000000000000036e+00 7.620000000000000107e+00
4.790000000000000036e+00 7.629999999999999893e+00
4.800000000000000711e+00 7.629999999999999893e+00
4.800000000000000711e+00 7.640000000000000568e+00
4.810000000000000497e+00 7.640000000000000568e+00
4.810000000000000497e+00 7.650000000000000355e+00
4.810000000000000497e+00 7.660000000000000142e+00
4.820000000000000284e+00 7.660000000000000142e+00
4.820000000000000284e+00 7.669999999999999929e+00
4.830000000000000071e+00 7.669999999999999929e+00
4.830000000000000071e+00 7.679999999999999716e+00
4.830000000000000071e+00 7.690000000000000391e+00
4.839999999999999858e+00 7.690000000000000391e+00
4.839999999999999858e+00 7.700000000000000178e+00
4.849999999999999645e+00 7.700000000000000178e+00
4.849999999999999645e+00 7.709999999999999964e+00
4.849999999999999645e+00 7.719999999999999751e+00
4.859999999999999432e+00 7.719999999999999751e+00
4.859999999999999432e+00 7.730000000000000426e+00
4.870000000000000995e+00 7.730000000000000426e+00
4.870000000000000995e+00 7.740000000000000213e+00
4.870000000000000995e+00 7.750000000000000000e+00
4.880000000000000782e+00 7.750000000000000000e+00
4.880000000000000782e+00 7.759999999999999787e+00
4.890000000000000568e+00 7.759999999999999787e+00
4.890000000000000568e+00 7.770000000000000462e+00
4.890000000000000568e+00 7.780000000000000249e+00
4.900000000000000355e+00 7.780000000000000249e+00
4.900000000000000355e+00 7.790000000000000036e+00
4.910000000000000142e+00 7.790000000000000036e+00
4.910000000000000142e+00 7.799999999999999822e+00
4.910000000000000142e+00 7.810000000000000497e+00
4.919999999999999929e+00 7.810000000000000497e+00
4.919999999999999929e+00 7.820000000000000284e+00
4.919999999999999929e+00 7.830000000000000071e+00
4.929999999999999716e+00 7.820000000000000284e+00
4.929999999999999716e+00 7.830000000000000071e+00
4.929999999999999716e+00 7.839999999999999858e+00
4.939999999999999503e+00 7.839999999999999858e+00
4.939999999999999503e+00 7.850000000000000533e+00
4.939999999999999503e+00 7.860000000000000320e+00
4.949999999999999289e+00 7.850000000000000533e+00
4.949999999999999289e+00 7.860000000000000320e+00
4.949999999999999289e+00 7.870000000000000107e+00
4.960000000000000853e+00 7.870000000000000107e+00
4.960000000000000853e+00 7.879999999999999893e+00
4.960000000000000853e+00 7.890000000000000568e+00
4.970000000000000639e+00 7.879999999999999893e+00
4.970000000000000639e+00 7.890000000000000568e+00
4.970000000000000639e+00 7.900000000000000355e+00
4.980000000000000426e+00 7.900000000000000355e+00
4.980000000000000426e+00 7.910000000000000142e+00
4.980000000000000426e+00 7.919999999999999929e+00
4.990000000000000213e+00 7.910000000000000142e+00
4.990000000000000213e+00 7.919999999999999929e+00
4.990000000000000213e+00 7.930000000000000604e+00
5.000000000000000000e+00 7.930000000000000604e+00
5.000000000000000000e+00 7.940000000000000391e+00
5.000000000000000000e+00 7.950000000000000178e+00
5.009999999999999787e+00 7.950000000000000178e+00
5.009999999999999787e+00 7.959999999999999964e+00
