6.269398260805837175e+00
3.809542743014925764e-02
5.361562395169588990e-02
6.264395091343040178e+00
3.692346118264290544e-02
6.237398057283055408e+00
2.501721186174552924e-03
6.270530286482200566e+00
4.869565505064445826e-02
1.015767172410400251e-02
2.794732571119491402e-02
6.226191098131545587e+00
7.012924250848665865e-03
6.274758315052924473e+00
6.267491207450945012e+00
6.260792789845966766e+00
4.187106535720372391e-02
6.250224104544832571e+00
6.264428604650699839e+00
6.267653698076321334e+00
6.215577633576488736e+00
1.144837357277090351e-01
6.249655133784023597e+00
6.162504558957818901e+00
2.155847958446861085e-02
6.912996078811750600e-02
7.256446383469872556e-04
6.245371787387469453e+00
2.215225682043139507e-02
3.221697461224425074e-02
6.966856802486522116e-02
6.193867229517121764e+00
3.246487963311363023e-01
5.912604555382080740e+00
7.186482286742773562e-01
5.429473354357139847e+00
8.979743526606354109e-01
8.873437659394851629e-01
8.906320200664538111e-01
5.292912820099481941e+00
5.285106560529448494e+00
5.280241257958443235e+00
9.592295717361052354e-01
8.903853942148425293e-01
5.352114770312403458e+00
1.063320178699195040e+00
8.961293790704930595e-01
1.051380934237117426e+00
9.807166830654672207e-01
5.357099105439540487e+00
5.324483273055047761e+00
8.554833560426249317e-01
5.501722951384190985e+00
8.196637970726582401e-01
8.849213203760400992e-01
5.416604953143908219e+00
5.377824343930884154e+00
9.209165524560480875e-01
5.512615317819729910e+00
5.359545582913230355e+00
7.992291426814081001e-01
5.496806775851161397e+00
5.452150942927596944e+00
8.548004660230655860e-01
7.784623338944692827e-01
6.770569022655640312e-01
7.599212217296968941e-01
5.522856097575213674e+00
5.515167353270737038e+00
7.008430629135879997e-01
5.506336681157844026e+00
5.304261361981039702e-01
5.608836915220228647e+00
5.494630107546499609e+00
5.531418523653514718e+00
5.576082060274638152e+00
6.021676953749258709e-01
5.730452618273422338e+00
5.614111428028293993e+00
5.506791277370148840e+00
5.750474920846618154e+00
6.583655514948064669e-01
5.715787876393553901e+00
5.682592582365063372e+00
5.642807379402372092e+00
5.615239712961828111e+00
4.630681007982361264e-01
2.690843345646240503e-01
5.787405071479557961e+00
6.271028580900072091e-01
6.014866658742838545e+00
5.901449951942341343e+00
5.836885729203385331e+00
7.036395371847678493e-02
2.027107608852608267e-01
5.852625207275291785e+00
5.898999653231550511e+00
6.171291718561461082e+00
6.077439671752153494e+00
6.177625066002815579e+00
