2.108629240778389646e-01
2.198409285202544416e-01
2.172396690346831138e-01
2.227054958094963899e-01
2.434884259763695491e-01
2.488141064211853992e-01
2.206804206943955016e-01
2.148335673015208946e-01
2.312122853181226567e-01
2.204470684966491068e-01
2.359951952010903575e-01
2.797691158091656360e-01
2.818642303757274425e-01
2.382958060406178968e-01
2.454512699055567404e-01
3.047976224347328511e-01
2.697820961175049770e-01
2.751693439728583601e-01
2.962392590213792642e-01
3.336453786967767954e-01
3.283228853303353789e-01
3.334518831983011022e-01
3.328734156994390680e-01
3.242626157744812887e-01
3.812487201560344485e-01
3.376642669747011993e-01
3.772134216144309438e-01
3.216084331226462534e-01
4.453273213112114437e-01
3.701854251653484695e-01
4.628957987672554508e-01
4.997489156534169474e-01
5.175843067327740021e-01
5.556453350101564492e-01
5.865708771302072799e-01
6.286138683066404553e-01
6.590246753179355155e-01
6.921582103137253750e-01
6.631064204454866218e-01
7.159322567916236446e-01
7.370348168660014743e-01
7.037122419881526314e-01
7.567705416175799504e-01
7.667172333847992460e-01
7.665968941194032382e-01
7.776392073793091386e-01
8.106234734621273752e-01
8.043078554173755945e-01
8.090584743889788211e-01
8.414078366556718702e-01
8.437667016390918429e-01
8.328825257526366599e-01
8.332577256483205685e-01
8.538135633565652194e-01
8.571834768739929888e-01
8.658677741138570694e-01
8.793654543901848752e-01
8.558865713394108177e-01
8.705906985620599503e-01
8.892778597440088584e-01
8.792792719528991219e-01
8.946937149698034331e-01
8.977787969289572345e-01
8.988960771481432355e-01
8.999531919445279415e-01
9.021858884125506517e-01
9.055316253895557832e-01
9.018526176990329102e-01
9.068594974609970327e-01
9.078349400054633866e-01
9.039429424177378714e-01
9.131458231235725087e-01
9.108341558432201390e-01
9.208221875180964133e-01
9.179267123860074262e-01
9.168535546454614771e-01
9.213686200228063949e-01
9.252959886652712962e-01
9.201152244424520843e-01
9.188015516935803539e-01
9.236393956946066242e-01
9.276815767787316425e-01
9.256015554352826635e-01
9.317992341597133299e-01
9.281271008893785535e-01
9.280013415361374474e-01
9.286905787585653105e-01
9.308463738669233711e-01
9.326175960674494281e-01
9.314655144974185452e-01
9.324562675777721132e-01
9.338810701083739563e-01
9.313067512049377772e-01
9.322693266981549876e-01
9.356693562570086442e-01
9.370956213161556470e-01
9.339630596099280924e-01
9.420050269992843450e-01
9.359868609648201998e-01
9.419761193939945043e-01
